00:4404654,6008683,9627224,12338820,17155379,17840654,22428469
01:
02:12268538,23288447
03:8636094,9388762,15220919,20851788,25495448
04:13015854,
05:5354620,6427245,6587371,9769359,11891923,13154953,13502387,14633608,20118213,20743850,22273982,22619385,24386804,25370384,25433706,25708673
06:21825844
07:3329775
08:5252502,15893474,17242142
09:2453191,5238389,6374527,7172540,8056945,10735164,12412116,13343322,13459057,13776456,16102104,17770166,18455755,20463087,21242070,21953177,22944374,24529770,24629608,24895278
10:1188335,1750480,1825015,17012648,18371179,25370384
11:1568544,3608305,7777611,16940465,22944374
12:2258900,6651631,7083843,9525815,13116206,14760751,14794573,14898205,14909916,16805101,17155379,19713639,20743850,20851788,21825927,22576390
13:14076013,14676265,15892100,17056866,17171823,18885483,20112704,20367620
14:5131721,9365396,10900319,16072548,22476112,24196932,25055424,25222853,25433706
15:4844830,19826589
16:
17:3633914
18:11839019
19:17056138
20:539358,635200,6169847,10370596,15149175
21:19604389,22003573,24417485,24429739
22:114830
23:1049853,20452195
24:1067060,1161295,7003832
25:1128234,5210948,10058783
26:1345448
27:1507761
28:1674864,4768817,11370176,21439359
29:1906505
30:2087435,6998545,8610742,25357514
31:3771837,6365759,9981038
32:4224027,9395981,13129804,18482528
33:4424374,14287051,16701420,17450255,18958015,20833344
34:5133329,5870038,7850422,10998106,13279513,21734848
35:6070998
36:17294368
37:21858990
PYTHON 98:114830,635200,1067060,1128234,1345448,1568544,1750480,3329775,3633914,3771837,4404654,5238389,5354620,6008683,6070998,6374527,6427245,6651631,6998545,7003832,7083843,7172540,9365396,9627224,10900319,11370176,11891923,12338820,12412116,13129804,13776456,14076013,14287051,14676265,14760751,14794573,15149175,15892100,16072548,16701420,16940465,17056138,17155379,17171823,17242142,17294368,17450255,17840654,18371179,18885483,19604389,19713639,19826589,20367620,20452195,20463087,20743850,21825844,21858990,22003573,22428469,22476112,22576390,23288447,24196932,24386804,24417485,24429739,24629608,24895278,25055424,25222853,25357514
CPP 99:539358,1049853,1161295,1188335,1507761,1674864,1825015,1906505,2258900,2453191,3608305,4224027,4424374,4768817,4844830,5131721,5133329,5210948,5252502,5870038,6169847,6365759,6587371,7777611,7850422,8056945,8610742,8636094,9388762,9395981,9525815,9769359,9981038,10058783,10370596,10735164,10998106,11839019,12268538,13015854,13116206,13154953,13279513,13343322,13459057,13502387,14633608,14898205,14909916,15220919,15893474,16102104,16805101,17012648,17056866,17770166,18455755,18482528,18958015,20112704,20118213,20851788,21242070,21439359,21734848,21825927,21953177,22273982,22619385,22944374,23288447,24529770,25370384,25433706,25495448,25708673

LAST: 25708673
