00:
01:31145163,2.5955862998962402;31774416,4.091274738311768;15893474,4.283938407897949
02:
03:29716090,15.363006591796875
04:30222174,21.08633804321289
05:
06:
07:
08:17242142,13.978938102722168
09:
10:
11:24196932,5.263998031616211;28784511,5.536044597625732;57442298,6.472560882568359;42044116,15.405484199523926
12:
13:4424374,3.096479654312134;29977495,5.226425647735596;33723359,5.796347618103027;42984702,6.115983009338379;20112704,6.647948741912842;32155762,6.851978302001953;9525815,7.232777118682861;17242142,7.274578094482422;53867229,7.897274971008301;53938057,7.911611080169678;29205120,8.866697311401367;46124823,10.084882736206055;2453191,10.283080101013184;10735164,10.54011058807373;1345448,11.440818786621094;35116052,12.135469436645508;7003832,13.081123352050781;33672216,14.532295227050781;7777611,14.934206008911133;43777088,17.415889739990234;41793183,18.610525131225586;9388762,24.251571655273438;40187954,29.270023345947266;35321744,34.76033401489258
14:
15:
16:
17:
18:32644101,14.862625122070312;33083737,34.551353454589844
19:
20:53925754,5.953729629516602;33083737,12.185646057128906
21:
22:
23:
24:8056945,3.825385808944702;38640109,4.032938480377197;48990002,8.255170822143555;4424374,8.71904182434082;29205120,9.584787368774414;18958015,9.853493690490723
25:
26:4424374,2.262667655944824;54968536,4.460554122924805;55328328,4.461813926696777;57462245,5.175933837890625;13015854,6.440702438354492;36566312,9.7561674118042;21953177,11.972516059875488;33521007,12.360947608947754;18455755,13.383155822753906;4224027,17.031505584716797
27:
28:
29:35008927,11.725082397460938
30:
31:51794872,18.579898834228516;42273302,34.902286529541016
32:21734848,5.826359272003174;50979602,7.092040538787842;17770166,9.1748685836792;13015854,10.319729804992676
98:48041000,0.13190197944641113;53938057,0.14155036211013794;56874003,0.15272164344787598;4424374,0.16333043575286865;57442298,0.1658073365688324;55597894,0.1813456416130066;56866069,0.20009732246398926;57659390,0.21461844444274902;9365396,0.22317424416542053;49205343,0.22721850872039795;57469200,0.24139034748077393;7003832,0.25226789712905884;57719550,0.25744760036468506;56106064,0.27579331398010254;51498869,0.2900841236114502;21858990,0.6344633102416992;57384386,0.639482855796814;57244898,0.6526644825935364;47146941,0.6978165507316589;52327345,0.7000938057899475;34404465,0.7057009935379028;52750333,0.7179526686668396;42273302,0.7272149920463562;40262823,0.7287778854370117;36995764,0.7311221361160278;47761762,0.7410296201705933;46370920,0.7433055639266968;56368511,0.7505415081977844;49841917,0.7519412040710449;22428469,0.7568966150283813;6374527,0.7602114677429199;7172540,0.7690200805664062;45116743,0.7750180959701538;46325366,0.7784276008605957;28952749,0.7932342290878296;50388740,0.8042722940444946;25357514,0.806827187538147;57572456,0.8108487129211426;49930616,0.812048077583313;17242142,0.8281471729278564;55260952,0.8313934803009033;39506950,0.8536210060119629;47856273,0.8621259331703186;39899142,0.8633967041969299;49397369,0.886183500289917;45003783,0.8942590951919556;55009701,0.8974772691726685;32611105,0.9012371301651001;13776456,0.9033538103103638;21825844,0.9047430157661438;53878869,0.911182701587677;42423276,0.9113751649856567;47053976,0.9136718511581421;46169597,0.9183530807495117;5354620,0.9261981248855591;54979966,0.9268792271614075;55825084,0.9276453852653503;22476112,0.9290000200271606;47606914,0.9404838681221008;29716090,0.942765474319458;30110378,0.9482017755508423;50337632,0.9499165415763855;6651631,0.9557070732116699;38640109,0.958320677280426;53821022,0.9632899761199951;11891923,0.9680267572402954;57122144,0.9862428307533264;27343036,0.991745114326477;6427245,1.0056962966918945;22003573,1.0122442245483398;29570103,1.0123693943023682;24895278,1.01546049118042;45922691,1.0261354446411133;40527368,1.027929425239563;52573231,1.0303572416305542;54968536,1.0349366664886475;41254846,1.0424336194992065;49872695,1.0469894409179688;49325879,1.0650705099105835;39621900,1.0674470663070679;9627224,1.067552089691162;40904644,1.076169490814209;54720027,1.077301025390625;53867229,1.078295350074768;43043013,1.0856764316558838;25055424,1.09425950050354;55447942,1.1201711893081665;52890414,1.1269659996032715;51053551,1.128532886505127;49048734,1.1373506784439087;41976335,1.1705235242843628;56212752,1.2033512592315674;24417485,1.2146751880645752;39136134,1.2162599563598633;14760751,1.2193323373794556;53518448,1.221582293510437;14287051,1.237296223640442;56560353,1.2373359203338623;56084961,1.238820195198059;18885483,1.2390284538269043;40154494,1.245530366897583;38941659,1.2536263465881348;56205292,1.2576415538787842;35233913,1.2587276697158813;24386804,1.3058891296386719;1345448,1.3251923322677612;31774416,1.3319237232208252;20463087,1.332713007926941;41046361,1.356139898300171;36489617,1.4004589319229126;57597190,1.4249961376190186;36492635,1.4256386756896973;27619678,1.4319090843200684;24629608,1.4319549798965454;50218877,1.4907180070877075;50832497,1.4913489818572998;38522909,1.4935534000396729;40276370,1.500045657157898;52389350,1.5096499919891357;57695556,1.5107061862945557;40668300,1.5176583528518677;28241941,1.5433716773986816;29868372,1.5440585613250732;43533023,1.5485889911651611;52099955,1.5586962699890137;56694349,1.57124662399292;33004037,1.5938513278961182;3329775,1.611281394958496;49394868,1.6161913871765137;50528083,1.6270627975463867;40187954,1.6270813941955566;54879991,1.6330043077468872;36387302,1.6343340873718262;34568375,1.6525905132293701;19604389,1.6611509323120117;17450255,1.6669728755950928;56591457,1.6676106452941895;44847310,1.6697182655334473;50096962,1.7033276557922363;12412116,1.7250181436538696;53695728,1.7285884618759155;56134758,1.7305985689163208;1128234,1.7419387102127075;45917649,1.745469570159912;47223694,1.755049705505371;35232292,1.77781343460083;17171823,1.777930736541748;35276207,1.7899839878082275;42403970,1.7986568212509155;28402604,1.8211421966552734;33083737,1.8393059968948364;26941326,1.876810073852539;49775020,1.8784139156341553;4404654,1.8991128206253052;5238389,1.9066543579101562;55328328,1.9223395586013794;37154189,1.9245991706848145;52425137,1.9271371364593506;32740318,1.9327424764633179;34344979,1.9430509805679321;10900319,1.9485191106796265;37935428,1.954358458518982;55722535,1.966322422027588;56976737,1.9743268489837646;42173721,1.9791131019592285;1067060,1.987470269203186;38425900,2.017885208129883;42559691,2.0289969444274902;42683940,2.029205560684204;39984458,2.031923294067383;56778778,2.037538528442383;54730423,2.050469398498535;35213454,2.0626180171966553;37363733,2.1034133434295654;24196932,2.1938438415527344;6070998,2.1966822147369385;31145163,2.2241482734680176;30222174,2.2270846366882324;32451242,2.255688190460205;45796308,2.2872543334960938;38795864,2.294755458831787;6008683,2.3127593994140625;14676265,2.334022045135498;3633914,2.3393046855926514;32644101,2.442288637161255;7083843,2.5012991428375244;56010044,2.567861795425415;51980540,2.6370644569396973;15149175,2.655848741531372;29205120,2.6615476608276367;29977495,2.7586774826049805;55191693,2.7586958408355713;1750480,2.781984329223633;635200,2.947234869003296;14794573,3.020409107208252;47322372,3.039355993270874;13129804,3.054560661315918;55197503,3.074469566345215;6998545,3.2455248832702637;35673474,3.401500701904297;46124823,3.4367260932922363;44329841,3.483212947845459;35360269,3.5279593467712402;19713639,3.7307021617889404;1568544,3.7842133045196533;42516563,3.911083221435547;54786851,3.941680669784546;48009112,4.316153526306152;35321744,4.44434928894043;35161552,4.549267768859863;29720856,4.927623748779297;44948150,5.061861991882324;52491152,5.365913391113281;57717053,5.392982006072998;49209451,5.629099369049072;114830,5.70279598236084;23288447,5.941600322723389;51351796,6.075361251831055;44717614,7.437302589416504;48069326,8.124427795410156;27572366,9.714723587036133;3771837,11.90860366821289;42588549,13.52314281463623
99:50933465,0.3457830548286438;55328328,0.35693132877349854;8610742,0.37541091442108154;7850422,0.410591721534729;57462245,0.4530481696128845;24196932,0.46323132514953613;51794872,0.49825334548950195;55922217,0.5052975416183472;42044116,0.5144543051719666;26182907,0.5465413331985474;9769359,0.5711696147918701;35321744,0.5740104913711548;33760740,0.5828971266746521;52766609,0.6095860004425049;52625739,0.6244343519210815;43485178,0.6567908525466919;31091933,0.672345757484436;17012648,0.7282204031944275;42403970,0.7313250303268433;55009701,0.7732172012329102;35161552,0.7821155190467834;25357514,0.7962439060211182;42683940,0.8000622987747192;14287051,0.8119128942489624;17242142,0.8233844041824341;55197503,0.8248355984687805;4424374,0.829358696937561;49397369,0.8440170288085938;46246411,0.908845067024231;42559691,0.9107300639152527;33583263,0.9231019020080566;635200,0.9259932041168213;57384386,0.9347108602523804;54968536,0.9482042193412781;47232632,0.9771607518196106;37935428,1.026874303817749;29205120,1.07635498046875;50979602,1.089385747909546;5131721,1.0923118591308594;44717614,1.1100196838378906;9388762,1.1241602897644043;43552574,1.135183334350586;46169597,1.1413044929504395;28854491,1.1489357948303223;50461535,1.1529510021209717;45990022,1.1555505990982056;40187954,1.1572073698043823;1345448,1.1589624881744385;35116052,1.1678612232208252;45188988,1.1729646921157837;11370176,1.1733124256134033;48530091,1.181138038635254;50821514,1.1820390224456787;11891923,1.1848576068878174;57122144,1.2007752656936646;10998106,1.2036259174346924;3771837,1.2105693817138672;28952749,1.228358268737793;21825927,1.231335163116455;24629608,1.2353616952896118;40904644,1.2449486255645752;27572366,1.2729394435882568;48982776,1.273672103881836;48009112,1.277877688407898;33599038,1.2848219871520996;5252502,1.3363463878631592;24529770,1.3452701568603516;2087435,1.3523695468902588;42871069,1.3650593757629395;40157455,1.3777896165847778;10058783,1.3814029693603516;21439359,1.3905583620071411;31412101,1.3935320377349854;52694416,1.3983798027038574;8636094,1.400008201599121;51706383,1.4053986072540283;41793183,1.4272782802581787;41976335,1.4366929531097412;2453191,1.4642517566680908;25708673,1.4733543395996094;9525815,1.4787864685058594;13279513,1.5050585269927979;29842095,1.5100377798080444;57472411,1.5175166130065918;35924332,1.5355018377304077;15893474,1.5480200052261353;6169847,1.602832317352295;48990002,1.6222004890441895;6587371,1.6225450038909912;32149055,1.6287343502044678;4768817,1.6459534168243408;13343322,1.6544634103775024;18958015,1.673720121383667;40978186,1.696024775505066;51073695,1.6988967657089233;35232292,1.7092543840408325;12268538,1.7112987041473389;36028674,1.7207958698272705;53710070,1.721287727355957;36566312,1.7278375625610352;8056945,1.7283962965011597;54179217,1.7318503856658936;37057849,1.7473511695861816;26323525,1.7808468341827393;39621900,1.7834718227386475;36962273,1.7881836891174316;46343563,1.7893122434616089;1049853,1.7911256551742554;27412274,1.8152172565460205;29859854,1.837243676185608;52106834,1.9126760959625244;33672216,1.9518831968307495;56591457,1.9878010749816895;27099295,2.0215516090393066;47761762,2.0300493240356445;51980540,2.146763324737549;9981038,2.161829710006714;47146941,2.219860792160034;39451638,2.235208511352539;20112704,2.2454471588134766;1507761,2.253406524658203;32854240,2.2543702125549316;6365759,2.3260338306427;20463087,2.378509759902954;24417485,2.379901647567749;55134327,2.389186382293701;13459057,2.4229483604431152;51068500,2.426939010620117;20851788,2.462660312652588;27492290,2.5323610305786133;5870038,2.5653371810913086;1674864,2.5676584243774414;5238389,2.569782018661499;56874003,2.5968565940856934;18455755,2.6195545196533203;1906505,2.6213104724884033;50347314,2.6429738998413086;28784511,2.6570489406585693;31145163,2.678696632385254;47928029,2.683021068572998;1825015,2.6885552406311035;51254929,2.709174156188965;21734848,2.7230281829833984;1188335,2.730781078338623;39868975,2.743058204650879;45421073,2.7719340324401855;7777611,2.806349277496338;23288447,2.8554131984710693;539358,2.8760247230529785;56866069,2.916637420654297;9395981,2.918499231338501;5133329,2.9626970291137695;25495448,3.021759510040283;56035496,3.08432674407959;14898205,3.1254231929779053;1161295,3.207233428955078;56944622,3.245675802230835;3608305,3.2627921104431152;33521007,3.281388282775879;5210948,3.402393341064453;10370596,3.6792385578155518;47927944,3.954660654067993;47892273,4.230374813079834;49209451,4.2848429679870605;22619385,4.436557769775391;16102104,4.8485541343688965;48722285,4.920600414276123