0:
1:31145163,2.309776544570923;15893474,2.9393362998962402;31774416,4.127344608306885;48990002,4.2602620124816895
2:25357514,3.281829595565796;20112704,4.326768398284912
3:42403970,3.0621767044067383;20112704,3.414350748062134;56605099,3.713909149169922;46169597,4.146531105041504;35615098,4.866494655609131;55260952,5.417115211486816;29570103,5.749027729034424;29716090,6.173182964324951;56560353,8.268648147583008
4:48530091,4.8986334800720215;30222174,7.4903059005737305;45116743,7.882948875427246
5:25708673,3.876760959625244;22273982,5.153542518615723;33583263,6.612485408782959;6587371,6.686328887939453;2087435,8.922341346740723
6:48490948,14.984050750732422
7:
8:2087435,1.753223180770874;41743267,3.325803279876709;2258900,4.097933292388916;56605099,4.280767440795898;36028674,4.478944301605225;45796308,4.502779960632324;54979966,5.100599765777588;44329841,5.3720245361328125;44717614,5.822896480560303;49209451,6.009237766265869;17242142,7.499959945678711;43822630,8.59324836730957
9:47928029,4.224218368530273;56736669,7.283686637878418
10:57442298,3.9222264289855957;24629608,8.370518684387207
11:29716090,2.456651449203491;46124823,2.502408981323242;17242142,2.668015480041504;24196932,3.3567094802856445;50347314,3.4630753993988037;33723359,5.1053643226623535
12:29842095,4.826173782348633;35673474,5.931745529174805;20112704,7.564663887023926
13:4424374,1.1073486804962158;29977495,1.706203579902649;56106064,1.8526890277862549;56084961,1.877930998802185;22476112,1.9141818284988403;29859854,1.947617530822754;48990002,1.9938724040985107;48722285,2.0284507274627686;17242142,2.038090705871582;29205120,2.136070728302002;53938057,2.1486518383026123;32155762,2.149428367614746;35130835,2.2169690132141113;39171130,2.296675205230713;2453191,2.440802574157715;7003832,2.467806816101074;33723359,2.5466256141662598;54783983,2.715735673904419;35161552,2.781771183013916;44717614,2.832573175430298;53522836,3.1677963733673096;35116052,3.2702465057373047;46124823,3.2783010005950928;56560353,3.832118511199951;9525815,3.90655255317688;35673474,3.9122297763824463;42984702,4.7372727394104;38640109,4.847458839416504;1345448,6.262931823730469;35321744,6.864638328552246;33672216,6.988356113433838;9388762,8.254053115844727
14:13459057,2.7004003524780273;5133329,4.3062639236450195;32149055,4.930935382843018;40617465,5.019292831420898;38640109,5.023161888122559;22944374,5.135516166687012;25433706,5.1655168533325195;43485178,5.277571678161621;3608305,6.146097660064697;41793183,6.627132415771484;48982776,7.854743957519531
15:22003573,2.2152018547058105;54778678,2.238662004470825;53938057,2.283499002456665;55447942,2.316922426223755;31145163,2.5156068801879883;55260952,2.57712984085083;39899142,2.6254019737243652;19604389,2.7296247482299805;35213454,2.9428160190582275;49930616,2.951237201690674;44847310,3.0413291454315186;51053551,3.099569320678711;51794872,3.2023403644561768;37363733,3.436753511428833;42403970,3.450835704803467;51706383,3.5529656410217285;24629608,3.5883567333221436;47856273,3.632141590118408;48398896,3.7015926837921143;54493853,3.761897563934326;45003783,4.037625312805176;27619678,4.041286945343018;18885483,4.043031215667725;25357514,4.202605724334717;47928029,4.826134204864502;56470308,4.835887908935547;40668300,4.902556896209717;15149175,4.978212833404541;42516563,5.324052333831787;24196932,5.521738529205322;1067060,5.585310459136963;14676265,6.118405342102051;39990604,6.121783256530762;47322372,6.360333442687988;29716090,6.488527297973633;114830,6.849939823150635;29570103,6.966607093811035;20367620,18.848419189453125
16:45003783,3.3057031631469727
17:2087435,4.258244514465332;29868372,4.3206353187561035;1674864,4.912633895874023;24196932,9.738336563110352
18:32644101,5.676518440246582;56778778,6.0108160972595215;33083737,11.789510726928711
19:
20:56560353,6.570197105407715;33083737,6.817752838134766
21:
22:
23:1674864,4.46809720993042;31774416,5.426316261291504
24:4424374,3.2825942039489746;57462245,4.1876220703125;29205120,5.138419151306152;42721985,5.3899030685424805;18958015,6.368337631225586
25:
26:2258900,0.9645376205444336;24196932,0.99303138256073;31145163,1.528872013092041;31245713,1.5378026962280273;26182907,1.6217634677886963;25433706,1.6369571685791016;3608305,1.6817866563796997;28784511,1.765457034111023;48530091,1.7706738710403442;48590393,1.791025161743164;21825927,1.9160908460617065;50347314,1.9545049667358398;28902812,1.9770618677139282;37051589,2.0613255500793457;39868975,2.092540740966797;29842095,2.199350118637085;39621900,2.2468409538269043;23288447,2.511573314666748;20452195,2.554889440536499;50979602,2.611105442047119;5133329,2.694880247116089;39171130,2.8295164108276367;539358,2.836960554122925;8056945,2.9545724391937256;17056866,3.0577189922332764;36062637,3.209240436553955;16102104,3.2831661701202393;9525815,3.380387783050537;35635652,3.4234848022460938;20112704,3.4704647064208984;15220919,3.7062277793884277;31412101,3.847444772720337;22619385,3.969870090484619;48982776,4.21990966796875;10998106,4.283652305603027;7850422,4.725825309753418;36028674,4.76474142074585;2521869,4.772392272949219;27391502,5.254733085632324;13279513,5.361421585083008;21953177,5.871959686279297;51068500,6.016581058502197;18455755,6.374936103820801;53710070,6.548086643218994;21734848,6.746365070343018;5870038,6.795345306396484
27:37363733,5.740232944488525;30088843,5.822835922241211
28:55260952,2.7802329063415527;56778778,4.471835136413574;17171823,4.4975996017456055;38425900,4.612000465393066;21858990,5.849205017089844;1067060,6.063071250915527;7172540,6.3560686111450195;54493853,6.477059364318848
29:27492290,3.250946283340454;51706383,5.6212158203125;24196932,6.7659912109375;47322372,7.213503360748291;51794872,7.477634429931641;35008927,7.938765525817871;56560353,9.752046585083008;52425137,9.968705177307129
30:
31:51794872,7.496267318725586;42273302,20.170412063598633
32:55134327,1.2760190963745117;39171130,1.374474048614502;8636094,1.4418692588806152;50461535,1.5279771089553833;5133329,1.6422580480575562;16102104,1.7112839221954346;20367620,1.7712825536727905;3633914,1.8581345081329346;3771837,1.8702906370162964;4224027,1.9427515268325806;48722285,2.0353426933288574;30222174,2.0740983486175537;5210948,2.0929880142211914;33599038,2.1160004138946533;10900319,2.1477038860321045;20463087,2.1690216064453125;51254929,2.169722557067871;27391502,2.468395948410034;48590393,2.840886354446411;5131721,2.918410301208496;5870038,3.0674352645874023;52504185,3.2242631912231445;17770166,3.2363977432250977;12268538,3.312091588973999;31145163,3.3177473545074463;2087435,3.3192038536071777;57244898,3.342752456665039;21734848,3.837200403213501;13015854,4.382837772369385;50979602,4.500887393951416;22619385,4.890598773956299;36062637,5.386356353759766;28952749,5.639758110046387
98:4424374,0.0655413269996643;57442298,0.11646279692649841;51794872,0.12531378865242004;36962273,0.1414373219013214;54152368,0.14777511358261108;54493853,0.15470761060714722;38640109,0.15717461705207825;9365396,0.17072591185569763;29716090,0.17373520135879517;56874003,0.1800469160079956;52766609,0.1850997507572174;22576390,0.19044442474842072;53938057,0.19610688090324402;39990604,0.20008783042430878;56736669,0.20211640000343323;56470308,0.20850588381290436;37038127,0.21531254053115845;7003832,0.22257858514785767;53925754,0.22772090137004852;57404508,0.23035216331481934;43822630,0.2344462126493454;49930616,0.23586441576480865;52106834,0.2386883944272995;52554457,0.24308693408966064;55260952,0.2436155527830124;47146941,0.2446119338274002;45003136,0.2476506233215332;27619678,0.2497657984495163;50490944,0.25238895416259766;57659390,0.25403332710266113;18885483,0.2540479302406311;48855623,0.2573121190071106;45003783,0.25902146100997925;57384386,0.264209508895874;55597894,0.2677581012248993;1067060,0.2677987217903137;47137313,0.2705034613609314;56798608,0.2733057141304016;14287051,0.27334803342819214;41417635,0.2752349376678467;1345448,0.2778209149837494;52389692,0.2790880799293518;9627224,0.2811001241207123;17242142,0.285166472196579;50388740,0.28722071647644043;37683189,0.28823545575141907;51498869,0.29141926765441895;56560353,0.2914673686027527;6427245,0.2936137318611145;24196932,0.2936381697654724;57122144,0.29435259103775024;29868372,0.2980530261993408;39621900,0.2987975776195526;57572456,0.3002978563308716;55724010,0.3014073073863983;12412116,0.3033788800239563;50337632,0.30375537276268005;55009701,0.3072934150695801;57244898,0.3081028163433075;57719550,0.3109148442745209;45917649,0.3121594190597534;13776456,0.3146226406097412;44847310,0.31767603754997253;55447942,0.3180062472820282;52573231,0.3184199631214142;47856273,0.3197254538536072;35232292,0.31973373889923096;53821022,0.32231003046035767;41046361,0.3232005834579468;56591457,0.32364770770072937;24386804,0.32391658425331116;6374527,0.3262963593006134;17171823,0.3276674151420593;51053551,0.3285674452781677;49397369,0.3303825259208679;37154189,0.3304072320461273;37363733,0.33178818225860596;6651631,0.33246421813964844;14676265,0.3335951268672943;56694349,0.334115594625473;40276370,0.3369605243206024;29977495,0.33848661184310913;38522909,0.33985430002212524;53878869,0.3410601019859314;54720027,0.3427982032299042;54968536,0.34327900409698486;36489617,0.3447967767715454;45922691,0.34552693367004395;55328328,0.3461821377277374;57597190,0.34936267137527466;57469200,0.35127773880958557;49325879,0.3524509370326996;5238389,0.3530062437057495;41976335,0.3540511131286621;1750480,0.35532745718955994;7083843,0.3561834990978241;42559691,0.3564428687095642;55722535,0.3572593331336975;47053976,0.35782885551452637;49394868,0.3588671088218689;42173721,0.3591977059841156;35213454,0.36132457852363586;50096962,0.3615914583206177;4404654,0.3632510304450989;39136134,0.36381590366363525;57695556,0.3649258613586426;53518448,0.36606788635253906;53695728,0.36634185910224915;29205120,0.36720436811447144;56212752,0.36817866563796997;46325366,0.36832234263420105;34568375,0.3692525029182434;45796308,0.3694857656955719;56976737,0.3713313639163971;50832497,0.3715004622936249;31145163,0.37208545207977295;47223694,0.3741346299648285;52389350,0.3741459548473358;3633914,0.37503427267074585;52890414,0.3754657506942749;50218877,0.3768064081668854;42403970,0.3770909309387207;37935428,0.37771087884902954;49872695,0.37799715995788574;32451242,0.3781566619873047;55191693,0.37831631302833557;54879991,0.37890195846557617;13129804,0.37911590933799744;6070998,0.3801333010196686;54730423,0.3820871114730835;635200,0.38382017612457275;38795864,0.3850557506084442;40154494,0.38543638586997986;6008683,0.3888534605503082;42683940,0.3932677209377289;55197503,0.3942802846431732;10900319,0.3946705460548401;35673474,0.3954843580722809;44329841,0.3977184295654297;34344979,0.40615224838256836;6998545,0.4109342098236084;47322372,1.5611531734466553;14794573,1.996333360671997;35321744,2.0255844593048096;46124823,2.1598994731903076;56010044,2.244500160217285;42516563,2.3495256900787354;49209451,2.397587299346924;35360269,2.483602523803711;1568544,2.588016986846924;57717053,2.5945329666137695;44717614,2.8348679542541504;54786851,3.1871676445007324;29720856,3.19232439994812;51351796,3.2121338844299316;44948150,3.282841920852661;48069326,3.2875258922576904;114830,3.3869869709014893;23288447,3.468778610229492;52491152,3.55153751373291;35161552,3.6225597858428955;48009112,3.753281354904175;3771837,3.786964178085327;42588549,5.449687957763672;27572366,7.148799896240234
99:39171130,0.15895938873291016;55328328,0.20386898517608643;51794872,0.21936273574829102;35008927,0.23740512132644653;35635652,0.2586814761161804;24196932,0.2626188099384308;4424374,0.26395800709724426;13015854,0.28414684534072876;37051589,0.2988570034503937;55922217,0.3151734471321106;52766609,0.3240185081958771;48590393,0.34328657388687134;14287051,0.35025525093078613;57462245,0.3538062870502472;25357514,0.36121323704719543;29859854,0.3637515902519226;30696326,0.36499112844467163;42880629,0.37690621614456177;46246411,0.3853234052658081;55197503,0.3896254599094391;49990493,0.40323320031166077;42559691,0.410399854183197;8056945,0.41288241744041443;48990002,0.41620224714279175;55009701,0.4178258180618286;45206450,0.4255254864692688;45188988,0.4281950294971466;635200,0.4335142970085144;7850422,0.4418087899684906;9388762,0.44468721747398376;17242142,0.448540598154068;48254499,0.4504268169403076;35924332,0.4534190595149994;28902812,0.45938780903816223;8636094,0.4625006914138794;56214103,0.46871256828308105;42403970,0.4687836468219757;26182907,0.47195354104042053;36566312,0.47304385900497437;42836909,0.47351837158203125;2087435,0.4774067997932434;31294520,0.47842371463775635;50979602,0.4818008542060852;4844830,0.48343178629875183;25708673,0.486327588558197;11370176,0.48854580521583557;46169597,0.4920678734779358;8610742,0.49376916885375977;54968536,0.49910545349121094;9525815,0.5003789663314819;3771837,0.5027819871902466;539358,0.5072327256202698;9769359,0.5101316571235657;5252502,0.51397305727005;40978186,0.5152664184570312;40060126,0.5187264084815979;6365759,0.5217440724372864;47232632,0.5230474472045898;5131721,0.5256736874580383;57384386,0.5310670137405396;31412101,0.5338053107261658;36962273,0.5354619026184082;3608305,0.5365720391273499;52106834,0.5379194021224976;26323525,0.5393362641334534;13459057,0.5437284111976624;33599038,0.5442587733268738;29842095,0.5464373826980591;50461535,0.5478671789169312;13343322,0.5507493019104004;1674864,0.5560942888259888;28784511,0.5566723346710205;37935428,0.5573965311050415;6587371,0.5596818327903748;44717614,0.5597071647644043;2453191,0.5642061233520508;24629608,0.5657650828361511;56591457,0.5665477514266968;55134327,0.5675572752952576;51073695,0.5711842775344849;15893474,0.5720173120498657;21734848,0.573584258556366;47761762,0.5751597881317139;20851788,0.5783911943435669;42871069,0.5819811224937439;36028674,0.5848718881607056;52625739,0.5856713056564331;48530091,0.5881949067115784;52694416,0.5894086956977844;51980540,0.5898519158363342;12268538,0.5902069807052612;57472411,0.5949174761772156;51068500,0.595782995223999;25495448,0.6018345355987549;40904644,0.6035693883895874;7777611,0.6088943481445312;51706383,0.6115620136260986;1188335,0.6149019002914429;46343563,0.6149142980575562;14898205,0.6197691559791565;5870038,0.6197940111160278;9981038,0.6272373795509338;53710070,0.63570237159729;6169847,0.6388054490089417;39868975,0.641284167766571;24417485,0.6457676887512207;31145163,0.6458014249801636;48009112,0.6528833508491516;56874003,0.653577983379364;49209451,0.6549453139305115;5133329,0.6549601554870605;51254929,0.6590951085090637;47892273,0.6611857414245605;27412274,0.6611998677253723;54179217,0.6648621559143066;27099295,0.6649940013885498;39451638,0.6657352447509766;47928029,0.6699258089065552;45421073,0.6704458594322205;41976335,0.6712646484375;37057849,0.6715924739837646;5210948,0.6727728247642517;9395981,0.678460419178009;47927944,0.6832083463668823;16102104,0.6840642690658569;1161295,0.6880735158920288;5238389,0.6934215426445007;10370596,0.6943413019180298;56035496,0.6958268880844116;56866069,0.704118013381958;48722285,0.7100842595100403;56944622,0.7193434238433838