00:6008683,17155379,22428469,25781379,29977495,32155762,37057849,39191613,39992045,45003136,45922691,46169597,48398896,49775020,54783983
01:36566312,37051589,48990002
02:2521869,8636094,9388762,15220919,20851788,25495448,28784511,28854491,32674618,41643748,42836909,44303394,47232632,48926131,48982776
03:13015854,26182907,36962273,38941659,47146941,50218877,54778678,57659390
04:6427245,24386804,26269933,28952749,35130835,38184023,45116743
05:5131721,6587371,13154953,20118213,22273982,25433706,25708673,26323525,33793346,43777088,47802305,48254499
06:5354620,42770719,54409377,56798608
07:11891923,48490948,57244898,40904644,19826589,54879991
08:20743850,47223694,36995764,37780301
09:22619385,33755271,39451638,539358,39621900
10:29868060,32854240,51254929,33599038
11:43552574,49209451,55134327
12:50096962,5252502,56605099,1345448
13:3329775,33583263,40668300
14:29859854,36310557,36962273,40262823,44847310,49394868,50461535,53518448,54979966,42905261,35276207
15:17770166,38254969,57122144,55447942,22003573,114830,56736669,29716090
16:2453191,6374527,24629608,35360269,37363733
17:42044116,33723359,28258470
18:1568544,3608305,7777611,16940465,22944374,27492290,32149055,33672216,33760740,35321744,35673474,40187954,40617465,41793183,43485178,43777088,47892273,57469200
19:14676265,56976737,48009112,47928029,46169597,43043013,41045280,29205120,20367620,17171823,18885483,14076013,15892100,50388740,45003783
20:57404508,56010044,51073695,35924332,14676265
21:56944622,42880629,29868372,2087435
22:52573231,22476112,53938057,37909859
23:3633914,53878869,56560353,40154494,33083737
24:17056138,53867229,55724010
25:56605099,51389237,44948150,42871069,42516563,36492635,36387302,53925754
26:53938057,52573231,7909859
27:51389237,49930616,48855623,47761762,47644396,45338226,44966167,41046361,40978186,38869778,35281703,30088843,24417485,22003573,49584917,52327345,52476422,53925754,54493853,54725555,56736669,56866069,57384386,51073670,38869778
28:50525379,50337632,49872695,49841917,49291681,45199104,31774416,27619678,24429739,49872695
29:1049853,20452195,28402604,39899142,51351796
30:1674864,4768817,11370176,21439359,35635652,37780301,41743267,50528083,51794872,55922217
31:57462245,42721985,17242142
32:5133329,5870038,7850422,10998106,13279513,21734848,27391502,31412101,36028674,36062637,57472411
33:17294368,28241941,43533023,49990493,52106834,35213454
34:10900319,55260952,38425900,21858990,51073670,41068109,35031338,38160213,38425900
35:39621900,42403970,38993326
36:42984702,47965628,51706383
37:47322372,48530091,52425137,33004037,24895278,47761762,39506950,36818299,33004037,35615098,51706383
38:48041000,53821022,54720027,56212752,57442298,52554457,48855623,45175536
39:51053551,52389692,47856273,42273302,34404465,50490944,7003832

# PYTHON 
98:114830,635200,1067060,1128234,1345448,1568544,1750480,3329775,3633914,3771837,4404654,5238389,5354620,6008683,6070998,6374527,6427245,6651631,6998545,7003832,7083843,7172540,9365396,9627224,10900319,11370176,11891923,12338820,12412116,13129804,13776456,14076013,14287051,14676265,14760751,14794573,15149175,15892100,16072548,16701420,16940465,17056138,17155379,17171823,17242142,17294368,17450255,17840654,18371179,18885483,19604389,19713639,19826589,20367620,20452195,20463087,20743850,21825844,21858990,22003573,22428469,22476112,22576390,23288447,24196932,24386804,24417485,24429739,24629608,24895278,25055424,25222853,25357514,25781379,26269933,26941326,27343036,27572366,27619678,28241941,28258470,28366516,28402604,28952749,29205120,29570103,29720856,29868372,29977495,30088843,30110378,30222174,30696326,31129936,31145163,31774416,32155762,32451242,32611105,32644101,32740318,33004037,33083737,33723359,34344979,34404465,34568375,35031338,35130835,35161552,35213454,35232292,35233913,35276207,35281703,35321744,35360269,35673474,36387302,36489617,36492635,36818299,36962273,36995764,37038127,37154189,37363733,37683189,37909859,37935428,38160213,38184023,38254969,38522909,38640109,38795864,38941659,38993326,39136134,39191613,39506950,39621900,39899142,39984458,39990604,39992045,40154494,40187954,40262823,40276370,40527368,40668300,40904644,40978186,41045280,41046361,41068109,41230622,41254846,41417635,41795307,41976335,42173721,42273302,42403970,42423276,42516563,42559691,42588549,42683940,42770719,42984702,43043013,43533023,43822630,44329841,44717614,44847310,44948150,44966167,45003136,45003783,45116743,45175536,45199104,45338226,45796308,45917649,45922691,46124823,46169597,46325366,46370920,47053976,47137313,47223694,47322372,47606914,47644396,47701854,47761762,47856273,47928029,47965628,48009112,48041000,48069326,48398896,48490948,48530091,48855623,49048734,49205343,49291681,49325879,49394868,49397369,49584917,49775020,49841917,49930616,49990493,50096962,50218877,50337632,50388740,50461535,50490944,50525379,50528083,50753477,51053551,51073670,51351796,51389237,51498869,51706383,51794872,51980540,52030127,52099955,52106834,52327345,52389350,52389692,52425137,52476422,52491152,52504185,52554457,52573231,52703206,52750333,52766609,52890414,53518448,53522836,53695728,53821022,53867229,53878869,53925754,53938057,54152368,54409377,54493853,54720027,54725555,54730423,54778678,54783983,54786851,54879991,54968536,54979966,55009701,55191693,55197503,55260952,55328328,55447942,55471275,55482313,55597894,55722535,55724010,55825084,56010044,56084961,56106064,56134758,56205292,56212752,56368511,56470308,56560353,56591457,56605099,56694349,56736669,56778778,56798608,56866069,56874003,56976737,57122144,57244898,57384386,57404508,57442298,57469200,57572456,57597190,57659390,57695556,57717053,57719550,29716090,49872695,38869778,50832497,38425900,20833344
# CPP 
99:539358,1049853,1161295,1188335,1507761,1674864,1825015,1906505,2258900,2453191,3608305,4224027,4424374,4768817,4844830,5131721,5133329,5210948,5252502,5870038,6169847,6365759,6587371,7777611,7850422,8056945,8610742,8636094,9388762,9395981,9525815,9769359,9981038,10058783,10370596,10735164,10998106,11839019,12268538,13015854,13116206,13154953,13279513,13343322,13459057,13502387,14633608,14898205,14909916,15220919,15893474,16102104,16805101,17012648,17056866,17770166,18455755,18482528,18958015,20112704,20118213,20851788,21242070,21439359,21734848,21825927,21953177,22273982,22619385,22944374,23288447,24529770,25370384,25433706,25495448,25708673,26182907,26323525,27099295,27391502,27412274,27492290,28784511,28854491,28902812,29673078,29842095,29859854,29868060,30341057,31091933,31245713,31294520,31412101,32149055,32674618,32854240,33521007,33583263,33599038,33672216,33755271,33760740,33793346,35008927,35116052,35615098,35635652,35924332,36028674,36062637,36310557,36566312,37051589,37057849,37481093,37780301,39171130,39451638,39724272,39868975,40060126,40157455,40221800,40371608,40617465,41643748,41743267,41793183,42044116,42721985,42836909,42871069,42880629,42905261,43485178,43552574,43777088,44303394,45188988,45206450,45421073,45990022,46246411,46343563,47146941,47232632,47802305,47892273,47927944,48254499,48590393,48722285,48926131,48982776,48990002,49209451,50347314,50821514,50933465,50979602,51068500,51073695,51254929,52625739,52694416,53710070,54179217,55134327,55922217,56035496,56214103,56944622,57462245,57472411,33698811,2521869,2087435